学号		姓名	身高	体重	英语	数学	中文	理综								6


20182220	小红	174.00	38.00	149	1365	125	245


20182221	小明	134.00	56.00	142	142	123	234


20182222	小李	153.00	36.00	132	124	131	252


20182223	卡萨丁	163.00	36.00	111	121	32	32


20182224	史蒂芬	123.00	42.00	13	153	142	242


20182233	全文	172.00	35.00	123	124	142	239












1 0 0 0 0 0 0 0 
1 0 0 0 0 0 0 0 0 0 0 0 0 0 0 0
1 0 0 0 0 0 0 0 0 0 0 0 0 0 0 0
1 0 0 0 0 0 0 0 0 0 0 0 0 0 0 0
1 0 0 0 0 0 0 0 0 0 0 0 0 0 0 0
1 0 0 0 0 0 0 0 0 0 0 0 0 0 0 0
1 0 0 0 0 0 0 0 0 0 0 0 0 0 0 0 
